991.4762430143062
0.024948351054673634
10.954278915432049
0.06012410053307715
9.3795
0.06956660802814651
1089.4427227308333
0.0027040318692944654
230.7633055712305
2.2301332225718156
10.374352872826611
0.14606789452721003
96.16544042469144
10.427787318267605
9.117122946433474
0.48476248532875876
17.810389999999998
-13.657114190087922
230.26999999999998
0.211925131367525
-0.5963822576370196
-0.5027293694902668
0.29977899224412097
0.03703050093037551
0.7440815958852242
0.49125306876185926
0.07488117076319974
0.010742669034578139
-0.0026824515445260945
0.6547175124569807
-0.018815330502460457
-0.71006562614492
0.2610298121840322
-0.37759711332213547
-0.054760097762127855
0.003320420615403885
0.3583049112780233
-0.5646262360412104
-0.7125218256196509
-0.31094788959739106
-0.3027722910886744
0.5358548136405961
-0.8451003931683707
-0.3977704111642951
-0.40189541180263394
-0.8215704844003455
0.0057403340708914175
-0.227273069995342
0.03216118950671289
-0.058160161550363326
0.13836824595269023
-0.22828998314834562
-0.19682461353962916
-0.5736073396090458
0.6108872390396182
0.45489358111403166
0.12600069987231613
-0.2155799637250699
-0.5082786723146028
0.20102639810549588
0.12753114194153342
-0.23248898292130543
-0.05280593304612089
-0.11541832115585554
